FamilyID	Human<0>	Chimp<1>	Cobra<2>	Habu<3>	<4>	Mouse<5>	Anole<6>	<7>	<8>	Dog<9>	<10>	Chicken<11>	<12>	<13>	<14>	Frog<15>	<16>
1	+2	-1	-5	+7	+3	+6	-1	+2	+0	-8	+0	-9	+3	-1	-1	+11	+0
2	+3	-2	+3	-3	+15	-1	-10	+1	+1	-9	-8	-7	+14	-4	-1	+15	+0
3	+3	-1	+2	+1	+7	+1	-7	+6	+0	-6	-4	+1	+4	-1	+0	+2	+0
4	+2	-2	-13	+11	+0	+7	+2	-4	+0	-6	+0	-4	+6	-1	+0	-3	+0
5	+2	-1	+15	-3	+4	+0	-7	+19	+0	-3	+0	-2	+0	+0	+0	+3	+0
6	+1	-1	+15	-3	+3	+1	-3	+18	+0	-1	+2	-8	+6	+0	+0	-5	+0
7	+3	-2	-1	+9	+3	+2	-3	+11	+0	-5	+1	-1	+2	+0	+0	-4	+0
8	+3	-3	-5	+14	+2	+0	-3	+11	+0	-2	+1	+2	+1	+0	+0	-6	+0
9	+0	+1	+9	-2	+8	+0	-4	+10	+0	-7	-1	-5	+1	-1	-1	+7	+0
10	+6	-6	+2	+1	+2	+3	+8	+4	+0	-7	+7	-15	-2	+0	+0	+4	+0
11	-2	+4	+7	+2	+9	+0	-6	+15	+0	-5	+0	-5	+7	-1	+0	-1	+0
12	-3	+4	+3	+2	+4	+0	+0	+6	+0	-2	+1	-5	+3	+0	+0	-3	+0
13	-1	+1	+8	+1	+4	+3	-6	+14	+0	-6	+0	-2	+3	-1	+0	+1	+0
14	+5	-3	+2	-1	+3	-1	-6	+2	+0	-4	-3	-8	-2	-2	-2	+27	+0
15	+1	+0	+3	+2	+1	+3	-4	+7	+0	-2	+0	-5	+5	-1	+0	+2	+0
16	-1	+0	-2	+6	+0	+0	+3	+7	+0	-1	+4	-3	-2	+1	+0	-4	+0
17	+0	+0	+7	+3	+3	+3	-5	+14	+0	-5	+0	-6	+4	-1	+0	-1	+0
18	+0	+1	+11	+5	+2	+0	-6	+22	+0	-2	+2	-4	-3	+0	+0	+3	+0
19	+1	-1	-9	+14	+0	+1	+0	+5	+0	-1	+1	-3	-1	+0	+0	+1	+0
20	+8	-4	-1	+5	+7	+1	-2	+8	+0	-7	+0	-4	+0	+0	+0	+2	+0
21	-2	+4	-2	+18	+5	+7	-8	+22	+0	-9	+0	-5	+5	-1	+0	-1	+0
22	+8	-5	-1	+2	+8	+0	-2	+3	+0	-6	+0	-4	+4	-1	+0	-2	+0
24	+1	+0	+1	+4	+3	+1	+2	+6	+0	-4	+3	-3	-2	+0	+0	+0	+0
26	-2	+2	+3	+4	+5	+0	-3	+11	+0	-2	+0	-5	+4	-1	+0	-1	+0
27	+2	-1	-3	+12	+9	-2	-6	+13	+0	-4	+0	-5	+8	-1	+0	-2	+0
28	+2	-1	+28	-12	+0	+0	-3	+17	+0	-1	+2	-1	-2	+0	+0	+0	+0
29	-1	+2	+3	+0	+2	+0	-1	+5	+0	-2	+0	-1	+0	+0	+0	-2	+0
30	+1	-1	+2	+3	+0	+3	-1	+9	+0	-3	+2	-8	-1	-1	-1	+8	+0
31	+3	-1	+21	-9	+7	-3	-2	+16	+0	-3	+2	-3	+1	+0	+0	-6	+0
32	+4	-2	+5	+0	+3	-2	-4	+6	+0	+1	-1	-2	+5	-1	+0	+0	+0
33	-3	+3	+4	+2	+3	+4	-2	+9	+0	-6	+1	-2	+5	+0	+1	-8	+0
34	-1	+1	+4	-5	-2	+11	-5	-1	+0	-5	-4	-9	+4	-3	-2	+23	+0
35	+0	+0	+12	-3	-1	+4	-3	+13	+0	-2	+1	-4	+1	+0	+0	-1	+0
36	+1	-1	+10	-3	+4	-1	-1	+9	+0	-1	+1	-6	+2	+0	+0	+1	+0
37	+0	+0	+5	+2	+0	-1	+0	+9	+0	+2	+2	-2	+0	+0	+0	-5	+0
38	+16	-9	+3	+0	+6	-1	+5	+4	+0	-4	+4	-7	+0	+0	+0	-1	+0
39	+20	-7	+0	+1	+14	+0	+0	+0	+1	-13	+0	-13	+2	-2	-2	+21	+0
40	-2	+2	+0	+5	+3	-2	-1	+7	+0	+1	+2	-2	+1	+0	+0	-3	+0
41	+3	-1	+6	+1	+6	-2	-5	+12	+0	-2	-1	+0	+1	+0	+0	+0	+0
42	-1	+0	-5	+9	-5	+17	+0	+4	+0	-4	+1	-5	+8	-1	+0	-5	+0
43	-1	+2	-1	+7	+2	-1	-3	+8	+0	+1	+0	+1	+1	+0	+0	-1	+0
44	-1	+1	+6	-3	+4	-1	+0	+6	+0	-1	+1	-5	+1	+0	+0	-1	+0
45	+5	-2	+1	+1	+11	-1	-3	+3	+0	-7	-1	-2	+3	+0	+0	+1	+0
46	+0	-1	+0	+3	-4	+11	-2	+5	+0	-1	+0	-3	+6	+0	+0	-3	+0
47	-1	+1	+6	+2	+1	+0	-2	+10	+0	-1	+1	+0	-1	+0	+0	-1	+0
48	+2	-1	+4	+1	+4	-2	-6	+8	+0	-3	-2	+1	+0	-1	+0	+5	+0
49	-1	+3	-1	+6	+5	-1	-2	+6	+0	-3	+1	-3	+3	+0	+0	-2	+0
50	+0	-1	+6	-3	-1	+0	-2	+5	+0	+2	+0	-4	+1	-1	-1	+6	+0
51	+1	-1	-7	+6	+0	-1	+2	-2	+0	+1	+1	+3	+1	+0	+1	-7	+0
52	-3	+3	+5	+0	+2	-1	-2	+8	+0	+0	+0	-1	-1	+0	+0	+0	+0
53	+0	+0	-3	+3	-2	+3	+0	+0	+0	+1	+0	+3	+3	+0	+0	-6	+0
54	-1	+3	+2	+0	+3	+1	+0	+5	+0	-4	+1	-4	+2	+0	+0	+1	+0
55	+4	-2	+3	+3	+2	+0	+0	+10	+0	-2	+2	-2	-1	+0	+0	+0	+0
56	+1	-1	-6	+9	-1	+0	-2	+3	+0	+0	+0	+2	-1	+0	+0	-1	+0
57	-2	+2	-2	+6	-2	-3	-2	+5	+0	+8	-1	+1	+2	+0	+0	-2	+0
58	+2	-1	-1	+3	+3	-4	-3	+1	+0	+2	-2	+0	-1	+0	+0	+6	+0
59	-3	+7	+5	+0	+8	-2	-2	+8	+0	-3	+1	-2	+3	+0	+0	-4	+0
60	+0	+0	+4	-3	-2	+0	+6	+2	+0	+1	+5	-4	+0	+1	+0	-6	+0
61	+2	-2	+5	+0	+2	+1	-2	+7	+0	-4	+0	-2	+0	+0	+0	+0	+0
62	+0	+1	-1	+5	+1	+1	-1	+4	+0	-3	+0	-1	+1	+0	+0	-2	+0
63	-3	+6	+3	-2	+2	-4	+0	+2	+0	+1	+1	-2	+1	+0	+0	-1	+0
64	+0	-1	+0	+2	+0	+1	-1	+1	+0	+0	+0	-1	+2	+0	+0	-2	+0
65	+1	-1	-1	+0	+1	-1	+3	+0	+0	+1	+1	-5	+0	+0	+0	+1	+0
66	+0	+2	-1	+0	+9	+3	+1	-3	+1	-1	+0	-7	+23	-1	+1	-7	+0
67	-2	+3	-1	+3	+2	-3	+0	+3	+0	+1	+1	+1	-1	+0	+0	+0	+0
68	+6	-3	-1	+4	+3	+0	-1	+3	+0	-1	+0	+0	+1	+0	+0	-2	+0
69	+0	+0	-5	+6	+0	+2	+0	+0	+0	-2	+0	+1	+2	+0	+0	-3	+0
70	+1	+0	-4	+6	+3	+2	-2	+2	+0	-3	-1	-2	+5	+0	+0	-2	+0
71	-2	+0	+4	-1	-5	+6	+0	+3	+0	+0	+1	+1	+1	+0	+0	-3	+0
72	+0	+1	+3	+0	+2	-3	+0	+3	+0	+0	+1	-1	-1	+0	+0	+3	+0
73	-1	+1	-1	+4	+0	-2	-2	+5	+0	+3	+0	-1	+0	+0	+0	-1	+0
74	+2	-3	+2	+0	-3	+1	-1	+3	+0	+3	+0	-3	+4	+0	+0	+1	+0
75	+0	+1	+2	-1	+1	-2	-1	+0	+0	-1	+0	+0	-1	+0	+0	+3	+0
76	-1	+0	+6	-1	+0	+0	-2	+8	+0	+0	+0	-1	+0	+0	+0	+0	+0
77	-1	+2	-2	+3	+3	+1	-1	+3	+0	-3	+0	+3	+1	+0	+0	-2	+0
78	+1	-1	+5	-2	+1	+1	-2	+5	+0	-2	-1	-3	+4	+0	+0	+1	+0
79	+0	+0	-1	+2	-1	+2	+0	+1	+0	-2	+0	-4	+1	+0	+0	+3	+0
80	+0	+0	-2	+5	+2	+0	-1	+3	+0	+0	+0	-4	+1	-1	+0	+5	+0
81	+1	+0	-2	+3	+0	+0	+0	+2	+0	-1	+0	-4	+1	+0	+0	+2	+0
82	-2	+2	-4	+6	+0	+3	-3	+0	+0	-2	-2	+0	+3	+0	+0	+1	+0
83	+0	+1	-3	+6	+0	+1	-1	+2	+0	+1	-1	+1	+2	+0	+0	-3	+0
84	-2	+1	-2	+5	+0	-2	-2	+3	+0	+2	+0	+0	+0	+0	+0	+1	+0
85	+3	-2	-1	+2	+2	-1	+0	+3	+0	-1	+1	-3	+1	+0	+0	+1	+0
86	+0	+1	+6	-3	+3	+0	+0	+3	+0	-2	+1	-1	-1	+0	+0	-2	+0
87	-1	+2	-3	+5	+0	-1	-3	+1	+0	+3	-1	+2	+1	+0	+0	+0	+0
88	+0	+0	+2	-1	+2	+0	+1	+0	+0	-2	+1	-3	+0	+0	+0	+2	+0
89	+1	+0	-2	+4	+2	-1	+0	+1	+0	-3	+0	-2	-1	+0	+0	+5	+0
90	+1	-1	+4	+0	+1	+1	-1	+5	+0	-1	+0	-1	+0	+0	+0	-2	+0
91	+0	+1	+0	+2	+1	+0	-1	+1	+0	-1	-1	+3	+0	+0	+0	+1	+0
92	-3	+5	-2	+2	+2	+0	-1	+1	+0	-3	+0	+1	+0	+0	+0	+0	+0
93	+0	-1	-3	+5	-1	+4	+0	+2	+0	-1	+1	-1	+1	+0	+0	-1	+0
94	+0	+1	+6	-2	+1	+0	-1	+5	+0	+0	+1	+0	+0	+0	+0	+0	+0
95	+1	-1	+0	+1	+0	-2	-2	+1	+0	+1	-1	+0	+0	+0	+0	+3	+0
96	-2	+6	+6	-1	+5	+0	+1	+6	+0	-3	+2	-3	+2	+0	+0	-5	+0
97	-1	+1	+4	-2	+2	+0	+0	+3	+0	-1	+0	+0	+2	+0	+0	-4	+0
98	+0	+1	+2	+0	+0	-1	-1	+4	+0	+1	+0	-1	-1	+0	+0	+0	+0
99	-1	+0	+0	+4	+0	+1	-2	+5	+0	-2	+0	+0	+0	+0	+0	+2	+0
100	+1	-1	+11	-4	+1	+1	-1	+5	+0	-3	+1	-1	+1	+0	+0	-1	+0
101	+0	-1	-1	+0	-1	+0	+2	+0	+0	+1	+1	-2	+1	+0	+0	-1	+0
102	-1	+1	+2	-1	+0	+0	+1	+3	+0	-1	+1	-1	+0	+0	+0	-1	+0
103	+0	+1	-2	+2	+0	+1	+4	-1	+0	-1	+2	-2	-2	+0	+0	-2	+0
104	+1	+0	-1	+2	+1	+1	+0	+3	+0	-2	+1	-2	-1	+0	+0	+0	+0
105	+1	+0	-1	+1	+1	+0	-1	+1	+0	-3	-1	+0	-1	+0	+0	+2	+0
106	+1	+0	+0	+1	+0	+1	-1	+0	+0	-2	-1	+0	-1	+0	+0	+2	+0
107	-1	+1	+1	+1	+2	-1	+0	+1	+0	-1	+0	+0	-1	+0	+0	+1	+0
108	+0	+0	-1	+3	+0	+1	+0	+2	+0	-1	+0	-1	+1	+0	+0	+1	+0
109	+1	+0	-4	+5	+1	+0	-1	+1	+0	-2	+0	+1	-1	+0	+0	+1	+0
110	-2	+2	-2	+3	-1	+6	-1	+2	+0	-3	-1	-2	+2	+0	+0	+1	+0
111	+0	-1	+0	+1	+0	+0	-1	+0	+0	-1	+0	+2	+0	+0	+0	+0	+0
112	+1	+0	+1	-1	+1	+0	-1	+0	+0	+0	+0	+3	-2	+0	+0	+0	+0
113	+2	-2	-2	+4	+1	+1	+0	+2	+0	+0	+0	-3	+2	+0	+0	+1	+0
114	+0	+0	-1	+2	+3	-3	+0	+0	+0	+0	-1	-1	+3	+0	+0	+0	+0
115	+0	+0	+1	+1	+0	+0	-1	+4	+0	+2	+0	-3	+0	+0	+0	+2	+0
116	+1	-1	+1	+0	-1	+1	-1	+1	+0	+1	+0	+0	+2	+0	+0	-1	+0
117	+7	-4	+0	+2	+2	-1	-2	+1	+0	+0	-1	-3	+3	+0	+0	+3	+0
118	+1	+0	+2	+0	+1	+0	-1	+1	+0	+0	+0	+2	-1	+0	+0	+3	+0
119	+2	-1	-1	+1	+1	+1	-1	+0	+0	+0	+0	+2	+1	+0	+0	-2	+0
120	+1	+0	+0	+0	+0	+0	-1	+1	+0	-1	+0	+0	+1	+0	+0	-2	+0
121	+0	-1	+0	+2	+0	+0	-1	+3	+0	+0	+0	+1	+1	+0	+0	-1	+0
122	+0	+1	+2	-1	+2	-1	-1	+3	+0	+0	+0	+0	+0	+0	+0	+0	+0
123	+0	+0	+4	-1	+0	+0	+0	+2	+0	+2	+0	+1	+0	+0	+0	-1	+0
124	-3	+5	-2	+3	+2	-2	+1	+1	+0	+2	+0	-1	+3	+0	+0	-3	+0
125	-1	+1	-1	+4	+1	+0	-1	+2	+0	+0	+0	+0	-1	+0	+0	+1	+0
126	+1	+0	+7	-4	+0	+0	+0	+3	+0	+0	+0	-2	-1	+0	+0	+1	+0
127	+2	-1	-2	+2	+1	-2	-1	-2	+0	+1	-1	-1	-1	+0	+0	+7	+0
128	+0	+0	+0	+2	+0	-1	-1	+1	+0	+1	-1	+2	+1	+0	+0	-1	+0
129	+1	-1	-2	+4	+0	+2	-1	+1	+0	-1	+0	-2	+0	+0	+0	+2	+0
130	+0	+1	+0	+2	+0	+0	+0	+3	+0	+0	+0	-1	-1	+0	+0	-1	+0
131	+0	-1	-1	+1	+0	-1	-1	+0	+0	+1	-1	+1	+2	+0	+0	-1	+0
132	-1	+1	+0	+0	+1	+1	+2	-1	+0	-1	+1	-3	+0	+0	+0	+0	+0
133	+4	-2	+1	+0	+2	+0	+0	+2	+0	+0	+0	+0	+0	+0	+0	+0	+0
134	+0	+1	+1	+0	+2	+1	+0	+2	+0	-2	+0	-1	+1	+0	+0	-1	+0
135	+0	+0	-1	+1	-1	+1	-1	+1	+0	-1	-1	+1	+0	+0	+0	+4	+0
136	+0	+0	+0	+0	+0	+0	-1	+0	+0	+1	+0	+0	-1	+0	+0	+5	+0
137	+0	+1	-1	+2	+0	+1	+1	+1	+0	+0	+1	+0	+0	+0	+0	-1	+0
138	+1	-2	-1	+1	+0	+5	+0	-1	+0	-1	+0	+0	+2	+0	+0	-1	+0
139	-1	+0	-1	+3	+0	+0	+0	+2	+0	+0	+0	+0	+1	+0	+0	-1	+0
140	-1	+2	+1	+0	+0	+2	-1	+2	+0	-1	-1	-1	+1	+0	+0	+1	+0
141	-1	+2	+0	+1	+2	+2	+0	+2	+0	-3	+0	-1	+2	+0	+0	+0	+0
142	+0	+0	+4	-2	-1	+3	-1	+1	+0	+0	+0	+0	-1	+0	+0	+6	+0
143	+1	+0	+0	+0	+1	+2	+0	+0	+0	-2	+0	-2	+1	+0	+0	+1	+0
144	-1	+0	+1	+3	+0	-1	-1	+4	+0	+2	+0	+0	+1	+0	+0	-1	+0
145	+0	+0	-1	+1	+0	+0	-1	+1	+0	-1	-1	+0	+1	+0	+0	+4	+0
146	+0	+0	-1	+1	+0	+0	+0	+1	+0	-1	+0	+1	+1	+0	+0	-1	+0
147	+0	+0	+7	+0	+0	+0	-1	+7	+0	+1	+0	+1	+0	+0	+0	+0	+0
148	+0	+0	+3	-1	+1	-2	-1	+4	+0	+0	+0	-1	+1	+0	+0	+1	+0
149	+1	+0	+2	+0	+1	+0	-2	+3	+0	+1	+0	+0	+1	+0	+0	-1	+0
150	-1	+1	-1	+1	+0	+0	-1	-1	+0	+1	-1	+0	-1	+0	+0	+2	+0
151	+0	+1	+3	+0	+0	+0	+0	+3	+0	+0	+0	-1	+0	+0	+0	+1	+0
152	+0	+0	+0	+3	+1	+0	+0	+4	+0	-1	+0	-1	+0	+0	+0	-2	+0
153	+0	+0	+2	+0	+0	+0	+0	+3	+0	+1	+0	+0	+0	+0	+0	+0	+0
154	-1	+0	-3	+3	+0	-1	+1	-1	+0	+2	+1	+0	+0	+0	+0	-2	+0
155	+0	+0	+0	+0	+0	+0	+0	+1	+0	+2	+0	+0	+1	+0	+0	+1	+0
156	+0	+0	+2	+0	+0	+0	+0	+2	+0	+0	+0	+0	+0	+0	+0	+1	+0
157	+0	+0	+2	+0	+1	-1	-1	+3	+0	-1	+0	+0	+0	+0	+0	+0	+0
158	+0	+1	-1	+1	+0	+1	+1	+1	+0	+0	+1	+0	+0	+0	+0	-1	+0
159	+0	-1	-1	+0	+0	+0	+1	+0	+0	-1	+1	+0	-1	+0	+0	+0	+0
160	+0	+0	+0	+2	-1	+1	+0	+1	+0	-1	+0	-1	-1	+0	+0	+0	+0
161	+0	+0	+0	+0	-1	+0	-1	+1	+0	+1	-1	+1	+0	+0	+0	-1	+0
162	+0	+0	+2	-1	+1	+0	+0	+1	+0	+0	+0	+0	+0	+0	+0	+1	+0
163	-1	+0	-2	+6	+0	+0	-2	+2	+0	+0	-1	-1	+1	+0	+0	+1	+0
164	-1	+1	+0	+0	+1	+2	+0	+1	+0	-2	+0	-2	+1	+0	+0	-1	+0
165	+0	+0	+0	+3	+0	+0	-1	+5	+0	+0	+0	+1	+0	+0	+0	+0	+0
166	+4	-1	+1	+0	+3	-1	-1	+0	+0	+0	-1	+0	+2	+0	+0	-1	+0
167	+1	+0	-1	+1	+1	-2	+1	+1	+0	+0	+0	-1	+0	+0	+0	+0	+0
168	+4	-1	+0	+0	+4	+0	-1	+0	+0	-1	-1	-2	+0	+0	+0	+8	+0
169	-1	+0	+1	+1	+0	+0	+0	+1	+0	+3	+1	-1	+1	+0	+0	-1	+0
170	+0	+0	+0	+2	+1	+0	+0	+2	+0	-1	+0	+0	+1	+0	+0	+0	+0
171	+1	+0	+1	+1	+0	-1	-1	+1	+0	+0	+0	-1	+0	+0	+0	+0	+0
172	+0	+0	-1	+1	+0	+0	+0	+1	+0	+0	+0	+0	+0	+0	+0	+0	+0
173	+0	+0	-1	+2	-1	+0	+0	+0	+0	+0	+0	+0	+1	+0	+0	-1	+0
174	+0	+0	+1	+1	+0	+1	-2	+2	+0	-1	+0	-2	+1	+0	+0	+4	+0
175	+0	+0	-1	+0	+4	-1	+0	+0	+0	+0	+0	+0	+1	+0	+0	+0	+0
176	+0	+0	+1	+2	+1	+0	+0	+3	+0	+0	+0	-1	+0	+0	+0	-1	+0
177	+0	-1	-1	+4	+0	-1	+0	+2	+0	+1	+0	+0	+1	+0	+0	-1	+0
178	-1	+2	+0	+1	+0	+0	+0	+0	+0	-1	+0	+1	+2	+0	+0	-1	+0
179	+0	+2	-2	+2	+0	+0	+0	+1	+0	+0	+0	+0	-1	+0	+0	+0	+0
180	-1	+1	+1	-1	+0	+0	+0	+1	+0	-1	+0	-1	+2	+0	+0	+1	+0
181	+0	+0	+0	+1	+0	+0	-1	+1	+0	+1	+0	+1	-1	+0	+0	-1	+0
182	+0	+0	-1	+2	+0	+0	+1	+1	+0	+0	+0	-1	-1	+0	+0	+0	+0
183	+1	+0	+0	+0	+0	+0	+1	-1	+0	+0	+1	-3	-1	+0	+0	+2	+0
184	+1	+0	+0	+1	+0	-1	-1	+2	+0	+0	+0	-1	+1	+0	+0	-1	+0
185	+0	+1	-1	+1	+0	+0	+2	+1	+0	-1	+1	-1	+0	+0	+0	+0	+0
186	+0	+0	+1	+1	+0	+0	+0	+4	+0	+0	+0	+1	-1	+0	+0	-2	+0
187	+0	-1	-1	+2	+0	+3	-1	+1	+0	-2	+0	+0	+1	+0	+0	-1	+0
188	+0	+0	+0	+2	+1	-1	+1	+2	+0	+0	+1	+0	-1	+0	+0	-2	+0
189	+0	+0	+1	+1	+0	+1	+0	+1	+0	+0	+0	+0	+0	+0	+0	+0	+0
190	+1	+0	+3	-1	+0	+0	-1	+1	+0	-1	+0	+0	+0	+0	+0	+1	+0
191	+0	+0	-1	+2	+0	+1	+1	+0	+0	+0	+1	-1	+0	+0	+0	-1	+0
192	+0	+0	+1	+0	-2	+1	-1	+1	+0	+2	+0	-1	+1	+0	+0	-1	+0
193	+0	+0	+0	+0	-1	+1	+0	+0	+0	+1	+0	-1	+1	+0	+0	+0	+0
194	+0	+0	-2	+3	+0	-1	+1	+1	+0	+0	+0	+1	+0	+0	+0	-1	+0
195	+0	+0	-1	+1	+0	+0	+0	+1	+0	+1	+0	-2	+0	+0	+0	+1	+0
196	+0	+0	+2	+0	+0	+1	-1	+1	+0	-1	+0	-1	+0	+0	+0	+0	+0
197	+1	-1	-1	+1	+0	+0	-1	+0	+0	-1	+0	-1	+1	+0	+0	+1	+0
198	+0	+1	-1	+1	+0	+0	-1	+1	+0	+1	+0	-1	+0	+0	+0	+0	+0
199	+0	+0	-1	+1	+0	+0	-1	+1	+0	+0	+0	+0	+0	+0	+0	+1	+0
200	+0	-1	-1	+1	-1	+2	+1	+1	+0	+0	+0	+1	+0	+0	+0	-2	+0
201	+1	+0	+0	+0	+0	+0	+1	+0	+0	-1	+0	-2	+1	+0	+0	-2	+0
202	+0	+0	+8	-2	-1	+0	+0	+3	+0	+0	+0	+0	+0	+0	+0	+0	+0
203	+0	+0	+0	+0	+0	+0	-1	+1	+0	-1	+0	+0	+0	+0	+0	+0	+0
204	+0	+1	-1	+2	+0	+0	+0	+0	+0	+0	+0	-2	+0	+0	+0	+0	+0
205	-1	+1	-1	+1	+0	+0	+0	+1	+0	-1	+0	-1	+0	+0	+0	+0	+0
206	+0	+0	-2	+3	+0	+1	-1	+0	+0	+0	+0	+0	+0	+0	+0	-1	+0
207	+0	-1	+0	+0	+0	+0	+0	+1	+0	-1	+0	-1	+0	+0	+0	+0	+0
208	+0	+0	+0	+2	+0	+0	+0	+2	+0	+0	+0	+0	+0	+0	+0	+2	+0
209	-1	+1	-1	+1	+0	+0	+0	+1	+0	-1	+0	-1	+0	+0	+0	-1	+0
210	+0	+2	+0	+2	+1	-1	+0	+1	+0	+1	+0	+0	+0	+0	+0	-1	+0
211	+0	+0	+0	+0	+0	+0	+0	+1	+0	+0	+0	+1	-1	+0	+0	-1	+0
212	+0	+0	+4	-1	+0	+0	+0	+2	+0	+0	+0	-1	+0	+0	+0	+1	+0
213	+0	+0	+0	+1	-1	+0	+0	+2	+0	+0	+0	+0	+1	+0	+0	+0	+0
214	+0	+0	-1	+2	+0	+1	+0	+2	+0	+0	+0	+1	+0	+0	+0	+0	+0
215	+0	+0	+0	+2	+1	+0	+0	+1	+0	+0	+0	+0	+0	+0	+0	+0	+0
216	+0	+1	-1	+2	+0	+1	+1	+0	+0	+0	+0	-1	+1	+0	+0	-1	+0
217	+0	+0	+0	+2	+0	+0	+0	+1	+0	-2	+0	-1	-1	+0	+0	+0	+0
218	+0	+0	+0	+1	+0	-1	+0	+1	+0	+0	+0	+0	+1	+0	+0	+0	+0
219	+0	+0	+0	+1	+0	+1	+0	+2	+0	+0	+0	+0	+0	+0	+0	+0	+0
220	+0	+0	+1	+1	+0	+0	+0	+1	+0	+0	+0	+0	+0	+0	+0	+1	+0
221	+0	+0	+0	+1	+0	+0	+0	+3	+0	+0	+1	-1	-1	+0	+0	+0	+0
222	+0	+0	+1	+0	-1	-1	+0	+0	+0	+1	+0	+0	-1	+0	+0	+1	+0
223	+0	+0	-1	+1	+0	-1	+1	+0	+0	+1	+0	-2	-1	+0	+0	+0	+0
224	+0	+0	+0	+0	-1	+2	+0	+0	+0	+0	+0	+1	+1	+0	+0	-1	+0
225	-1	+0	+3	-1	+0	-1	+0	+2	+0	+0	+0	+0	+0	+0	+0	+0	+0
226	+0	+0	+0	+1	+0	+1	-1	+1	+0	+0	+0	+0	-1	+0	+0	+4	+0
227	+0	+0	-1	+2	+0	+0	+1	+1	+0	+0	+1	+0	-1	+0	+0	+0	+0
228	+0	+0	+3	-1	+0	-1	-1	+2	+0	+0	+0	-1	+0	+0	+0	-1	+0
229	+0	+0	+0	+2	+0	+0	-1	+1	+0	+1	+0	+1	-1	+0	+0	+1	+0
230	-1	+0	+1	+0	+0	+0	-1	+1	+0	+3	-1	-1	+0	+0	+0	+1	+0
231	+0	-1	-1	+3	+0	+0	-1	+0	+0	+2	+0	+0	+0	+0	+0	-1	+0
232	+0	+0	+0	+0	+0	+0	+0	+1	+0	-1	+0	+0	+0	+0	+0	-1	+0
233	+0	+0	+0	+1	+0	+0	-1	+0	+0	+0	+0	+0	+0	+0	+0	+0	+0
234	+0	+0	-1	+3	+0	+1	+0	+1	+0	+0	+0	+0	-1	+0	+0	-1	+0
235	+0	+0	+2	+0	+0	+0	+0	+1	+0	+0	+0	+0	-1	+0	+0	-1	+0
236	+0	+0	+1	+0	+2	+0	+0	+0	+0	+0	+0	+0	+0	+0	+0	+3	+0
237	+0	+0	+1	+0	+0	+2	+0	+0	+0	+0	+0	+1	-1	+0	+0	-1	+0
238	+0	+0	+1	+0	-1	+0	-1	+0	+0	+0	+0	+0	+0	+0	+0	+0	+0
239	+0	+0	-1	+0	+0	+0	+1	+0	+0	+0	+0	+0	-1	+0	+0	+2	+0
240	+0	-1	+1	-1	+0	+0	+1	+1	+0	+0	+0	+0	-1	+0	+0	+0	+0
241	+0	+2	+0	+1	+1	+0	+0	+0	+0	+0	+0	+2	+0	+0	+0	+0	+0
242	+0	+0	+0	+2	+1	+0	-1	+1	+0	+0	+0	+0	+0	+0	+0	+1	+0
243	+0	+0	+1	+0	+0	+0	+0	+2	+0	+1	+0	+0	+0	+0	+0	+0	+0
244	+0	+0	-1	+2	-1	+0	+0	+1	+0	+1	+0	+0	+1	+0	+0	+0	+0
245	+0	+0	+1	+1	+0	+2	+0	+1	+0	+0	+0	+0	+0	+0	+0	+0	+0
246	+0	+0	+0	+1	+0	+1	+0	+0	+0	+0	+0	-1	-1	+0	+0	+0	+0
247	+0	+0	+0	+1	+0	+1	+0	+0	+0	+0	+0	+0	+0	+0	+0	+2	+0
248	+0	+0	+0	+0	+0	+0	+0	+1	+0	+0	+0	+0	+0	+0	+0	+0	+0
249	+0	+0	+0	+1	+0	+0	+0	+0	+0	+0	+0	+0	+0	+0	+0	+0	+0
250	+0	+0	-1	+3	+0	-1	-1	+0	+0	+0	+0	+0	+0	+0	+0	+1	+0
251	+0	+0	+0	+1	+0	+0	+0	+0	+0	+0	+0	+0	+0	+0	+0	+0	+0
252	+0	+0	+0	+1	+0	+0	+0	+0	+0	+0	+0	+0	+0	+0	+0	+0	+0
